48
1495 381 2012 1157 990 764 178 147 1788 542 508 749 696 408 318 1213 714 1082 717 935 228 538 1670 816 1922 1096 840 1147 986 498 1250 553 678 2136 754 1046 326 1117 261 692 1525 1104 616 2162 488 753 1184 
1135 637 583 2207 2056 1641 1590 736 1312 1494 1150 988 1552 1243 2360 2004 2291 1615 1279 1272 1163 906 983 585 2269 2097 381 2155 1898 1091 1661 840 988 1984 2272 1778 976 1443 872 504 2223 1957 1098 1727 1388 661 
1633 778 1163 971 551 457 1412 375 481 474 349 475 301 1359 918 1255 686 699 207 262 1308 480 1541 1251 1029 774 1133 772 936 622 301 1760 922 1227 644 785 325 442 1144 1231 850 1790 640 591 810 
886 2550 2444 2175 2081 444 1697 1881 1480 1385 1969 1806 2662 2397 2624 1941 1519 1805 1576 735 1321 102 2589 2467 879 2485 2343 1190 2044 1336 451 2357 2613 2255 1161 1901 1467 532 2526 2373 594 2138 1695 900 
1686 1565 1329 1210 636 814 999 609 500 1084 1006 1818 1516 1764 1078 703 970 691 588 443 788 1735 1592 283 1626 1458 528 1163 503 985 1481 1750 1377 396 1021 768 370 1680 1489 1025 1253 839 97 
235 1015 845 2191 895 717 1078 1219 689 1289 230 279 93 611 1047 1162 1049 1961 1244 2450 116 153 1826 83 525 1428 553 1401 2502 244 66 704 1403 848 1598 2019 174 387 2468 528 856 1654 
781 618 2111 753 568 965 1077 507 1070 465 54 323 532 984 947 894 1901 1123 2344 349 85 1676 260 290 1375 402 1231 2435 105 285 469 1324 648 1396 1914 386 153 2415 334 769 1545 
228 1962 709 649 924 874 534 413 1244 737 1103 844 1103 372 715 1847 994 2086 1127 863 1303 1025 493 1426 659 841 2310 795 1064 312 1294 418 805 1695 1149 629 2338 565 911 1359 
1831 507 425 737 725 307 459 1068 568 936 617 897 352 546 1691 831 1988 951 694 1230 842 355 1240 434 757 2177 610 900 194 1121 214 819 1579 961 470 2193 352 695 1226 
1389 1565 1154 1107 1668 1639 2282 2067 2258 1588 1145 1606 1294 292 1015 358 2218 2123 771 2121 2049 783 1718 1138 349 2017 2252 1987 790 1632 1366 297 2149 2058 401 1826 1344 606 
186 242 326 280 646 1061 704 981 332 395 514 159 1215 378 1598 962 787 932 847 660 737 353 522 1727 675 961 620 632 295 795 1171 925 676 1727 441 225 802 
411 510 129 698 893 519 804 220 502 559 332 1378 560 1782 790 604 1114 673 493 879 168 687 1899 491 782 487 793 250 921 1353 760 495 1892 262 282 984 
205 519 774 1215 919 1156 471 231 663 221 973 169 1380 1128 988 776 1018 899 504 567 468 1488 877 1142 861 390 524 807 949 1076 905 1486 673 239 581 
586 641 1376 1027 1303 632 424 555 192 974 133 1287 1282 1113 608 1167 959 591 678 265 1453 1000 1284 882 437 526 611 866 1238 993 1470 758 428 504 
642 887 455 780 312 629 504 397 1492 656 1871 776 558 1174 659 381 1001 157 724 2006 449 753 359 907 175 913 1445 761 408 2004 176 410 1077 
1505 1019 1382 917 997 140 558 1569 773 1722 1390 1142 927 1276 814 1231 799 503 1986 1048 1348 643 1075 467 393 1356 1389 926 2030 768 870 1056 
507 151 746 1144 1374 1218 2035 1383 2561 117 382 1982 230 754 1504 739 1579 2577 459 193 933 1503 1054 1799 2134 139 616 2532 739 980 1777 
369 495 945 895 843 1860 1076 2297 390 127 1625 292 251 1337 354 1178 2393 91 332 427 1281 595 1344 1867 418 112 2375 281 728 1498 
687 1114 1254 1135 2022 1323 2523 64 243 1911 139 611 1489 641 1490 2564 336 42 792 1471 940 1690 2093 154 475 2527 621 930 1730 
453 778 490 1371 639 1840 658 536 1237 548 574 844 207 852 1907 432 674 630 799 466 1120 1409 608 519 1884 339 246 1044 
879 439 919 336 1418 1075 987 924 976 985 393 618 688 1457 884 1108 987 360 688 1034 992 1009 958 1432 745 225 646 
444 1512 685 1717 1260 1016 932 1145 704 1140 661 473 1954 919 1221 544 991 329 468 1332 1255 808 1989 636 739 1009 
1145 286 1479 1119 934 783 1002 768 713 499 363 1637 822 1114 694 580 340 650 1057 1083 804 1649 570 341 693 
860 646 1978 1905 813 1887 1870 534 1521 1070 543 1802 2019 1830 586 1483 1355 403 1905 1864 515 1638 1133 519 
1222 1296 1150 611 1185 1036 458 723 368 1356 1038 1308 976 306 624 723 793 1245 1054 1364 819 406 424 
2488 2367 796 2384 2246 1091 1944 1246 435 2256 2513 2160 1059 1806 1391 431 2425 2274 569 2039 1595 800 
266 1889 118 639 1445 632 1477 2521 343 97 816 1433 941 1689 2059 91 500 2481 625 898 1698 
1716 177 374 1376 436 1279 2443 113 207 552 1334 709 1459 1936 302 235 2418 390 780 1568 
1775 1526 807 1281 474 1100 1604 1892 1414 663 1072 605 475 1844 1579 1172 1349 1015 379 
543 1354 514 1360 2429 233 133 716 1334 825 1571 1954 127 404 2393 509 791 1592 
1370 373 1059 2386 324 572 183 1285 455 1168 1823 669 139 2384 242 761 1456 
1007 794 1076 1275 1486 1354 169 1026 1143 692 1372 1349 1043 1131 614 437 
849 2048 323 618 424 937 332 1062 1514 609 344 2035 134 394 1145 
1486 1168 1466 941 627 604 356 860 1444 1122 1528 898 677 554 
2338 2561 2331 1112 1976 1701 633 2447 2390 146 2160 1666 953 
305 488 1228 605 1356 1826 355 190 2316 286 673 1457 
753 1464 910 1661 2082 181 437 2526 590 919 1718 
1250 357 1011 1745 841 317 2339 301 769 1385 
909 974 637 1368 1280 1100 1053 555 317 
751 1389 931 525 1988 320 495 1029 
1071 1671 1264 1766 1071 989 843 
1997 1846 698 1611 1164 370 
530 2405 622 842 1640 
2379 236 735 1477 
2152 1647 981 
520 1242 
801 
EOF
